Исходные данные для расчета деформированного состояния

б=1,2

i=8

j=14

      0    1,8    3,4    4,8    6,6      8    9,4   11,2   12,6   14,2   15,6   17,2   18,6   20,2
      0      2    3,6      5      7    8,1    9,6   11,3     13   14,4   15,8   17,4   18,8   20,6
      0    2,1    3,8    5,4    7,1    8,1    9,7   11,4   13,1   14,6     16   17,6     19   20,6
      0    1,9    3,9    5,5    6,9      8    9,6   11,5   13,1   14,7     16   17,8     19   20,8
      0    1,6    3,6    5,2    6,8      8    9,6   11,4     13   14,8   16,4     18   19,2   20,9
      0    1,6    3,4      5    6,6      8    9,6   11,2   12,8   14,6   16,5   17,8   19,3     21
      0    1,4    3,2    4,8    6,4    7,8    9,4     11   12,8   14,6   16,4   17,6   19,2     21
      0    1,4    2,8    4,6      6    7,6    9,4   10,8   12,6   14,4   16,2   17,4   19,2   20,6

    7,7    7,7    7,7    7,7    7,7    7,7    7,7    7,7    7,7    7,7    7,7    7,7    7,7    7,7
    6,4    6,6    6,8    6,6    6,4    6,5    6,6    6,4    6,6    6,4    6,8    6,4    6,7    6,4
    5,4    5,2    5,4    5,2    5,3    5,2    5,4    5,2    5,5    5,4    5,4    5,2    5,4    5,2
    4,4    4,5    4,5    4,4    4,2    4,2    4,3    4,2    4,4    4,5    4,4    4,2    4,2    4,4
    3,4    3,4    3,3    3,2      3    3,2      3      3    3,3    3,3    3,2    3,2    3,2    3,2
    2,2    2,2    2,4      2    2,1      2      2      2    2,1    2,2      2    1,8      2    2,2
      1    1,2    1,2    1,1    1,1      1      1      1      1    1,1    1,2      1      1    0,8
      0      0      0      0      0      0      0      0      0      0      0      0      0      0


Результаты расчета деформированного состояния
j=1
   Lx     Lz     Ea     Eb     Ec     Ei     Ex     Ez    Gamma  Kappa  2Alfa       
       
  4,095  0,824  0,534 -1,069  0,534  1,069  0,534 -1,069      0      0  3,142 
  4,295  0,749  0,582 -1,164  0,582  1,164  0,582 -1,164      0      0  3,142 
  3,895  0,911  0,484 -0,968  0,484  0,968  0,484 -0,968      0      0  3,142 
  3,295  1,273  0,317 -0,634  0,317  0,634  0,317 -0,634      0      0  3,142 
  3,295  1,273  0,317 -0,634  0,317  0,634  0,317 -0,634      0      0  3,142 
  2,895  1,649  0,188 -0,375  0,188  0,375  0,188 -0,375      0      0  3,142 
 
 
 
j=2
   Lx     Lz     Ea     Eb     Ec     Ei     Ex     Ez    Gamma  Kappa  2Alfa       
       
  3,622  2,518  0,592 -1,103  0,511  1,104   0,57 -1,081 -0,009  -0,23  2,912 
    3,8  2,102  0,577 -1,137   0,56  1,137  0,576 -1,136  0,048  0,048    3,1 
  3,901  1,868  0,569 -1,029   0,46   1,03  0,552 -1,011  0,297  0,245  2,933 
  3,601  2,319  0,549 -0,837  0,288   0,85  0,546 -0,834  0,102  0,157  3,057 
  3,406  2,209  0,487 -0,775  0,288  0,783  0,455 -0,742  0,149  0,032   2,82 
  3,206  2,209   0,42 -0,574  0,154  0,594  0,384 -0,538  0,153  0,028  2,761 
 
 
 
j=3
   Lx     Lz     Ea     Eb     Ec     Ei     Ex     Ez    Gamma  Kappa  2Alfa       
       
      3  2,335   0,42 -0,826  0,405  0,826  0,411 -0,816 -0,172 -0,172  2,969 
    3,3  2,319  0,492 -0,952   0,46  0,952  0,486 -0,946  -0,13  -0,13  3,012 
  3,601   2,11  0,531 -1,017  0,486  1,017  0,531 -1,017  0,067  0,123  3,128 
  3,606  2,159  0,535  -0,94  0,405  0,943  0,533 -0,938  0,178  0,289  3,066 
  3,406  2,138  0,481 -0,829  0,348  0,833   0,48 -0,829  0,129  0,247  3,098 
  3,401  2,474  0,528 -0,816  0,288  0,828  0,489 -0,777  0,216  0,274  2,798 
 
 
 
j=4
   Lx     Lz     Ea     Eb     Ec     Ei     Ex     Ez    Gamma  Kappa  2Alfa       
       
  3,423  2,571  0,551 -0,879  0,329  0,889  0,546 -0,874 -0,353 -0,118  3,023 
  3,302  2,256  0,479 -0,884  0,405  0,885  0,466 -0,872 -0,254 -0,193  2,948 
  3,015   2,01  0,364 -0,788  0,424  0,789  0,353 -0,777      0  0,199  3,341 
  3,214  2,452  0,488 -0,856  0,368  0,859  0,485 -0,853  0,112  0,299  3,039 
  3,214  2,138  0,431  -0,76  0,329  0,762  0,431 -0,759  0,095  0,282  3,182 
  3,202   2,04  0,406 -0,694  0,288  0,697    0,4 -0,687  0,166  0,229  2,992 
 
 
 
j=5
   Lx     Lz     Ea     Eb     Ec     Ei     Ex     Ez    Gamma  Kappa  2Alfa       
       
  3,102  2,452  0,464 -0,841  0,377  0,842  0,454 -0,831 -0,238 -0,173  2,968 
    2,7  2,202  0,311 -0,702  0,391  0,704  0,303 -0,694  0,045  0,045  2,965 
  2,508  2,319   0,28 -0,643  0,363  0,644   0,25 -0,613   0,05   0,21  2,782 
    2,8  2,121  0,315 -0,663  0,348  0,663  0,286 -0,635  0,142  0,142  2,798 
      3  1,942  0,333 -0,651  0,318  0,651  0,315 -0,634  0,207  0,207  2,874 
  3,002  2,184  0,378 -0,665  0,288  0,667  0,342  -0,63  0,245  0,312  2,771 
 
 
 
j=6
   Lx     Lz     Ea     Eb     Ec     Ei     Ex     Ez    Gamma  Kappa  2Alfa       
       
  2,608  2,502  0,345 -0,645    0,3  0,645  0,179 -0,479  0,037 -0,117  2,297 
  2,602  2,302  0,291 -0,591    0,3  0,591  0,217 -0,517  0,082  0,005  2,554 
  2,702  2,002   0,24 -0,527  0,288  0,528  0,225 -0,513  0,087  0,013  2,863 
    2,8    2,2  0,323  -0,61  0,288  0,611  0,323  -0,61      0      0  3,142 
  3,002  2,209  0,383  -0,67  0,288  0,673  0,382 -0,669  0,057  0,124  3,075 
  3,002   2,04  0,344 -0,606  0,262  0,608  0,335 -0,597  0,164  0,231   2,95 
 
 
 
j=7
   Lx     Lz     Ea     Eb     Ec     Ei     Ex     Ez    Gamma  Kappa  2Alfa       
       
  3,202  2,319  0,456 -0,743  0,288   0,75  0,453  -0,74 -0,161 -0,098  3,043 
    3,3    2,3  0,477 -0,775  0,298  0,782  0,477 -0,775      0      0  3,142 
    3,5  2,402  0,539 -0,826  0,288  0,839  0,537 -0,825  0,042  0,042  3,068 
  3,406    2,3  0,501 -0,789  0,288  0,799    0,5 -0,788 -0,059  0,059    3,2 
    3,2   2,01    0,4 -0,688  0,288  0,691  0,396 -0,684    0,1    0,1  3,015 
    3,2   2,01  0,397 -0,664  0,267  0,668  0,393  -0,66    0,1    0,1  3,015 
 
 
 
j=8
   Lx     Lz     Ea     Eb     Ec     Ei     Ex     Ez    Gamma  Kappa  2Alfa       
       
    3,4  2,508  0,534  -0,83  0,297  0,842  0,532 -0,828  -0,08  -0,08  3,062 
  3,401  2,209  0,487 -0,793  0,305    0,8  0,483 -0,788 -0,061  -0,12  3,022 
  3,501    2,2  0,511 -0,825  0,314  0,832  0,508 -0,822  0,029 -0,029  3,047 
  3,413   2,22  0,492 -0,797  0,305  0,805  0,424 -0,729  0,224  0,048  2,678 
  3,202   2,04  0,406 -0,694  0,288  0,697  0,375 -0,663  0,229  0,166  2,804 
    3,4   2,04  0,457 -0,727   0,27  0,735  0,445 -0,715  0,197  0,197  2,937 
 
 
 
j=9
   Lx     Lz     Ea     Eb     Ec     Ei     Ex     Ez    Gamma  Kappa  2Alfa       
       
    3,1  2,256   0,42 -0,723  0,303  0,726  0,406 -0,709 -0,223 -0,223  2,918 
  3,206  2,202  0,438 -0,749  0,311  0,753  0,431 -0,742  0,017 -0,108  2,986 
  3,214  2,202   0,44 -0,751  0,311  0,755  0,389   -0,7  0,139 -0,048  2,724 
  3,413  2,319  0,507 -0,811  0,303  0,819  0,427  -0,73  0,218  0,042  2,642 
  3,406  2,309  0,503  -0,79  0,288    0,8  0,464 -0,752  0,145  0,028  2,793 
  3,601   2,11  0,519 -0,807  0,288  0,818  0,509 -0,796  0,123  0,067  2,962 
 
 
 
j=10
   Lx     Lz     Ea     Eb     Ec     Ei     Ex     Ez    Gamma  Kappa  2Alfa       
       
  2,807  2,335  0,356 -0,644  0,288  0,645  0,341 -0,629 -0,101 -0,243  2,898 
  2,902  1,924  0,294 -0,595  0,301  0,595  0,291 -0,592 -0,191 -0,122  3,019 
    2,9   2,11  0,336 -0,644  0,308  0,644  0,333 -0,642 -0,095 -0,095  3,047 
  3,401  2,302  0,503 -0,818  0,315  0,825  0,502 -0,818  0,014  0,073  3,177 
  3,701  2,209  0,557 -0,858  0,301  0,871  0,557 -0,858  0,064  0,118  3,126 
  3,606  2,209  0,535 -0,837  0,301  0,847  0,509  -0,81  0,146  0,035  2,863 
 
 
 
j=11
   Lx     Lz     Ea     Eb     Ec     Ei     Ex     Ez    Gamma  Kappa  2Alfa       
       
      3  2,335  0,406 -0,681  0,275  0,685  0,398 -0,673 -0,172 -0,172  2,969 
  3,007  2,408  0,424 -0,712  0,288  0,716  0,424 -0,712  -0,15 -0,017  3,125 
  3,114  2,236  0,418 -0,706  0,288   0,71  0,416 -0,704 -0,276 -0,083  3,058 
  3,202  2,452  0,481 -0,794  0,312    0,8  0,472 -0,784 -0,237 -0,174  2,967 
  3,225      2  0,409 -0,728  0,318  0,729  0,405 -0,723 -0,124  0,124  3,266 
  3,002  2,022  0,348 -0,661  0,312  0,661  0,345 -0,657  0,116  0,182  3,024 
 
 
 
j=12
   Lx     Lz     Ea     Eb     Ec     Ei     Ex     Ez    Gamma  Kappa  2Alfa       
       
  3,002  2,532  0,446 -0,723  0,276  0,729  0,442 -0,718 -0,192 -0,125  3,016 
      3  2,236  0,388 -0,675  0,288  0,678  0,379 -0,667  -0,18  -0,18  2,962 
  3,007   2,04  0,351  -0,65  0,299  0,651  0,347 -0,646 -0,264 -0,131  3,011 
    2,8    2,4  0,372 -0,682   0,31  0,683  0,372 -0,682      0      0  3,142 
    2,8  2,236  0,333 -0,632  0,299  0,632  0,272 -0,571   0,18   0,18  2,633 
  2,807  1,844  0,238 -0,525  0,288  0,526  0,237 -0,525  0,147   0,29  3,074 
 
 
 
j=13
   Lx     Lz     Ea     Eb     Ec     Ei     Ex     Ez    Gamma  Kappa  2Alfa       
       
    3,2  2,335  0,456 -0,722  0,267  0,731  0,447 -0,714 -0,172 -0,172  2,969 
      3  2,508  0,441 -0,718  0,277  0,725  0,439 -0,717  -0,08  -0,08  3,062 
  3,007  2,209  0,383  -0,66  0,277  0,663  0,376 -0,653 -0,024 -0,157  2,984 
    2,9   2,22  0,357 -0,644  0,288  0,645  0,352  -0,64 -0,136 -0,136  3,006 
  3,225    2,2  0,441 -0,734  0,293  0,739  0,381 -0,674  0,124 -0,124  2,687 
  3,406  2,002  0,455 -0,743  0,288  0,749  0,451 -0,739 -0,009  0,109   3,25 
 
 
 

 
